280082912
280148192
280151520
280213472
280278752
280344032
280347360
280409312
280474592
280539872
280605152
282244576
282440416
296925664
296990944
297056224
297121504
297186784
297252064
297317344
297382624
313706208
313768416
313771232
313833696
313836512
313898976
313964256
313967328
314029536
314094816
314160096
315799264
315864288
315929568
316060384
330611168
330676448
330741728
330807008
330872288
330937568
347260896
347453920
347519200
347584480
347587296
347649760
347715040
349353952
349680352
364103136
364233696
364296672
364361952
364427232
364492512
366196192
366326752
380815584
380945632
381139424
381204704
381207264
381269984
382908640
383038688
383300320
397982176
398047456
414370272
414435040
414630880
414824928
414827232
416463328
416528096
416723936
416920288
446370016
454076896
548718048
548783328
550811104
550876384
565430240
565691360
567523296
567784416
615762144
615827168
615957728
616088544
617855200
617920224
618050784
618181600
632669664
634762720
666094048
666485728
668187104
668578784
682936288
683132128
685029344
685225184
713756896
714805728
722512096
722523616
722577888
722654944
722786272
722917600
723048928
744165600
745214688
746263776
747312864
748361952
817219296
817284576
819312352
819377632
850708704
850969824
852801760
853062880
901105632
901236192
903198688
903329248
917817824
917948128
918144224
919910880
920041184
920237280
981143776
982192608
983241440
990947296
991013088
991078880
991089888
991286752
991483616
992073696
992270560
992467424
1011552992
1012602336
1013651680
1014702560
1015751904
1016801248
1085655264
1085851104
1087748320
1087944160
1119274976
1119340256
1121368032
1121433312
1169541600
1169802720
1171634656
1171895776
1219938528
1220069088
1222031584
1222162144
1236781024
1238874080
1248530656
1249579488
1250628320
1251677152
1259382496
1259448288
1259514080
1259525088
1259579872
1259787488
1260443104
1260705504
1260967904
1261623520
1261885920
1278939872
1279989472
1281040608
1282090208
1283139808
1284190944
1285240544
1421265376
1421461216
1423358432
1423554272
1454885088
1454950368
1456978144
1457043424
1515917536
1516966368
1518015200
1519064032
1520112864
1527817696
1527829216
1527883488
1527949280
1528015072
1528080864
1528157152
1528878304
1529206240
1529927392
1530255328
1530976480
1531304416
1546326240
1547376096
1548427488
1549477344
1550528736
1551578592
1552629984
1553679840
1672989152
1673119712
1675082208
1675212768
1689831648
1691924704
1783304416
1784353248
1785402080
1786450912
1787499744
1788548576
1796252896
1796318688
1796384480
1796395744
1796450272
1796516064
1796581856
1796789216
1797575904
1798362592
1798756064
1799542752
1799936224
1800722912
1814762208
1815812320
1816863968
1817915616
1818965728
1820017376
1821067488
1822119136
1924712928
1924778208
1926805984
1926871264
2050691296
2051740128
2052788960
2053837792
2054886624
2055935456
2056984288
2064688096
2064753888
2064819680
2064885472
2064951264
2064962272
2065017056
2065082848
2065814496
2066273504
2067125728
2067977952
2068436960
2069289184
2070141408
2083198176
2084250080
2085300448
2086352352
2087404256
2088454624
2089506528
2090558432
2176436704
2178529760
2318078176
2319127008
2320175840
2321224672
2322273504
2323322336
2324371168
2325420000
2333123296
2333189088
2333254880
2333320672
2333386464
2333452256
2333518048
2333528800
2333583840
2334446560
2335364320
2336282080
2336806624
2337724384
2338642144
2339559904
2351634144
2352686304
2353738464
2354790624
2355841248
2356893408
2357945568
2358997728
2585465056
2586513888
2587562720
2588611552
2589660384
2590709216
2591758048
2592806880
2593855712
2601558496
2601624288
2601690080
2601755872
2601821664
2601887456
2601953248
2602019040
2602084832
2602095328
2603078624
2604061920
2605045216
2606028512
2607011808
2607995104
2608978400
2620070112
2621122528
2622174944
2623227360
2624279776
2625332192
2626384608
2627437024
